Mol_i	Mol_j_nearest	extracted_value	Distance_nm	NN_Distance_nm
1000	698	0.0086763445541123	0.807773	78.803
1001	1080	0.0351917555451334	0.70833	33.552
1002	758	0.0244441753032811	0.703628	44.672
1003	1459	0.0306991520067734	0.741515	37.015
1005	1028	0.0477150550455857	0.593016	72.787
1006	16	0.0550998780513319	0.823686	63.007
1007	1163	0.1257001882818152	0.61439	42.58
1008	405	0.0764020618498078	0.744397	61.423
1011	576	0.030292743531838	0.611834	34.581
1012	180	0.0269324181396068	0.705868	52.881
1013	1442	0.0684680112996084	0.558577	14.466
1014	293	0.0142284470453736	0.442451	18.06
1015	828	0.0086257565263735	0.687131	71.593
1017	187	0.0364765258301002	0.644621	34.465
1018	300	0.0213499871092247	0.489627	36.15
1019	431	0.0548191499753503	0.523195	41.383
1021	81	0.0017023324939143	0.827814	44.979
1022	1287	0.0135883810248731	0.816143	47.01
1023	653	0.0699723370271425	0.564732	25.427
1024	1374	0.0293318520262466	0.581318	74.109
1025	714	0.0571213254694438	0.85053	88.047
1026	1178	0.0184024893531844	0.47755	15.298
1027	1440	0.0156101778967686	0.534067	30.431
1028	1005	0.009611212783183	0.593016	72.787
1029	89	0.0315306812047167	0.741257	84.587
102	581	0.0238022192627492	0.634711	23.473
1030	563	0.0099958049599084	0.781797	32.545
1031	878	0.0113981264850243	0.434064	8.141
1032	253	0.0359466481341968	0.787772	67.944
1033	1340	0.0898183834338751	0.537202	31.339
1034	1048	0.0316423595664767	0.422838	16.885
1036	786	0.0789220935929147	0.720341	35.931
1037	174	0.0121271632172798	0.685691	89.691
1039	546	0.0212208594974361	0.878735	66.659
103	140	0.0645300229075858	0.881873	59.233
1040	1242	0.0381388609864629	0.646862	33.176
1041	364	0.0031546611165014	0.866786	25.744
1042	1391	0.024556135027189	0.583626	20.477
1043	1044	0.0169405635532713	0.513932	24.059
1044	309	0.004544766565869	0.486764	31.272
1045	34	0.0072591063576144	0.736307	69.544
1046	1487	0.0215010082740802	0.72481	46.805
1047	139	0.0095337600382305	0.52604	25.332
1048	1034	0.1083168834603767	0.422838	16.885
1049	406	0.1283913262418988	0.640516	28.252
104	1292	0.0217936385447579	0.609543	67.413
1050	582	0.0278530149167253	0.610368	32.483
1051	1474	0.0015881842065656	0.899091	36.15
1052	753	0.0201041047247233	0.55699	16.227
1053	456	0.0016420538742207	0.537364	21.84
1055	497	0.0180971560285571	0.714971	38.098
1056	1068	0.0519067756184434	0.543928	31.334
1057	485	0.041161093159991	0.848306	60.601
1058	817	0.0426819751076274	0.55966	70.603
1059	1409	0.0561616436045682	0.607575	65.596
1060	1197	0.0224939217686334	0.613501	43.604
1061	239	0.1224956663817188	0.456398	23.169
1063	533	0.0108222704146794	0.728242	29.23
1065	480	0.0060430551019676	0.526092	21.283
1066	201	0.1205141209708904	0.51346	16.651
1067	71	0.0335576391265481	0.677917	45.964
1068	47	0.0080222484497645	0.513416	21.353
1069	434	0.0279938061647057	0.779719	85.138
106	487	0.0182119883614105	0.485915	30.193
1071	166	0.0007194428566651	0.766504	30.158
1073	709	0.2302240331036074	0.421759	26.475
1074	13	0.1314832529198146	0.435394	24.394
1075	526	0.0728337887719328	0.594509	59.643
1076	852	0.0466794173314762	0.453333	20.222
1077	746	0.03970429702938	0.605153	46.99
1078	1493	0.0263896334288463	0.562728	49.299
107	394	0.0092036349912766	0.731073	18.473
1080	1001	0.0522194249137626	0.70833	33.552
1081	188	0.0106030809097718	0.43533	21.028
1082	392	0.1164504213053818	0.573503	41.234
1083	999	0.0028128015466497	0.756644	49.23
1085	566	0.0408033195608967	0.623467	69.605
1087	1404	0.1143489157706528	0.573962	66.876
1089	1262	0.0021073260540969	0.746261	48.406
1090	859	0.0094183644019394	0.549376	64.673
1091	1261	0.0028153878140222	0.811602	71.941
1092	408	0.0023569239828535	0.598574	44.754
1093	1409	0.0120576522335142	0.592122	41.075
1094	749	0.0054652544263728	0.461948	11.538
1095	1369	0.1521981511719411	0.626066	31.549
1097	750	0.0141795573018357	0.593884	49.7
1099	221	0.0039024326332518	0.462247	23.76
109	773	0.0217611716281616	0.608924	59.944
10	623	0.0957633691719607	0.434776	13.013
1100	491	0.0172085534713249	0.589403	65.358
1101	126	0.0628263994988596	0.478097	19.407
1102	1318	0.1207395808763878	0.467627	11.923
1103	428	0.0386022736471259	0.780381	74.884
1104	855	0.0359922528402676	0.496404	22.911
1105	421	0.0060604740299966	0.614529	37.728
1106	803	0.0215351091255148	0.734377	4.114
1108	545	0.0108816733850986	0.896441	47.987
1109	905	0.0045346647445842	0.849393	21.863
1110	1449	0.00011473079801	0.658543	35.753
1112	349	0.1339192451266757	0.468659	17.774
1113	940	0.0246457603529933	0.596477	6.56
1114	985	0.0001609264062905	0.847276	38.943
1115	394	0.0689737569220692	0.538034	17.253
1117	339	0.0106063179178072	0.826262	35.438
1118	598	0.0224794638628001	0.761476	64.024
1119	577	0.0081900951272225	0.847065	27.291
111	84	0.0074210667665176	0.593597	43.325
1120	142	0.0038383447575597	0.535153	9.241
1121	1354	0.0145741218180856	0.672916	54.287
1123	29	0.052358341050421	0.467109	22.325
1124	598	0.032173082624443	0.683226	69.675
1125	142	0.0066642103484712	0.558164	44.355
1126	1293	0.0571532598895426	0.627174	46.501
1127	78	0.0059702647840436	0.726015	88.286
1128	273	0.0069960782197003	0.664288	36.601
1129	1165	0.0223476205095334	0.520407	16.517
112	1136	0.0323695578609088	0.746779	88.891
1130	992	0.0836311378058149	0.556881	35.49
1131	402	0.018859820906175	0.786152	83.135
1132	88	0.0210275391827811	0.740569	65.798
1133	762	0.0594307234462626	0.696138	46.902
1134	208	0.0238721715432676	0.822184	35.091
1135	700	0.0211933415373947	0.587578	34.351
1136	1336	0.0441939031402105	0.552032	63.797
1139	1300	0.0889990931323787	0.607076	55.319
1140	15	0.0381016801454162	0.602567	63.429
1142	402	0.0565691503567622	0.493199	28.938
1143	229	0.1040691674103987	0.499287	28.434
1145	669	0.1446047202462176	0.473734	35.005
1146	241	0.009628529443	0.704951	76.915
1147	593	0.0101721057795973	0.629645	37.432
1148	1049	0.0306346662193858	0.662552	43.393
1149	459	4.8898691168791496e-05	0.823527	29.667
114	1425	0.0147607922025555	0.632234	88.86
1150	390	0.0123572731064395	0.503538	34.846
1151	449	0.0907788139143582	0.445066	22.58
1152	63	0.0315290411509322	0.66844	46.701
1153	587	0.0304652485723442	0.496928	4.443
1155	436	0.0012849286622564	0.871726	84.638
1156	504	0.0310672240348483	0.44843	22.445
1157	84	0.0218167000794128	0.823861	73.729
1158	1269	0.0108807620303214	0.602936	33.549
1159	873	0.0529304740739696	0.467876	23.352
115	1199	0.0158733702899133	0.678467	7.91
1160	913	0.0002609513369485	0.712807	23.378
1161	223	0.0079726619550288	0.702199	15.126
1163	1007	0.3328845358823565	0.61439	42.58
1165	1129	0.045568330451913	0.520407	16.517
1166	861	0.0229299415278593	0.825564	29.553
1168	495	0.0841074581050984	0.765369	59.96
1169	1218	0.1375876309257143	0.521724	27.282
116	664	0.0064234098213615	0.757103	11.73
1170	1082	0.0511984247774978	0.809416	66.524
1172	711	0.1398269773502429	0.61973	49.214
1173	232	0.0683460285043008	0.453394	20.325
1174	413	0.0479781379008015	0.775746	63.374
1176	282	0.1220731082962966	0.474857	4.853
1177	79	0.0144074781982131	0.564276	35.35
1178	1026	0.0148030439958701	0.47755	15.298
1179	220	0.0900180513027525	0.580863	29.555
117	1333	0.0149267722130482	0.629259	64.63
1180	315	0.0176159556870523	0.626745	18.445
1181	1245	0.005473135890244	0.763427	56.01
1182	702	0.0656105740931994	0.740211	88.998
1183	83	0.0039949545644154	0.724547	20.746
1184	881	0.1093751868096579	0.639074	40.422
1185	801	0.0067911774989793	0.623929	15.671
1186	1415	0.0029832365360139	0.641044	14.706
1188	1440	0.0036755709788736	0.728981	35.839
1189	479	0.117835238483495	0.671509	41.083
118	562	0.0157105305305627	0.79825	73.526
1190	45	0.0477621173961913	0.70424	62.835
1191	206	0.0353092328405043	0.908659	38.256
1194	1377	0.0757767747884713	0.514768	8.539
1196	1443	0.1093168369411219	0.518686	27.131
1197	1060	0.0201525674968688	0.613501	43.604
1198	396	0.0193756144749801	0.65368	34.041
1199	115	0.0368486119197399	0.678467	7.91
119	1173	0.0623349693466811	0.75511	80.778
11	135	0.0132475829204519	0.788983	80.872
1200	970	0.0862967568952192	0.467502	15.924
1202	897	0.0101550759170902	0.678755	89.77
1203	629	0.0467699110179916	0.743894	50.463
1204	504	0.0067093758870186	0.813571	9.661
1205	275	0.0383699798325656	0.498531	6.703
1206	1330	0.2295585302366837	0.469812	32.914
1208	1033	0.0454310614566243	0.694245	60.064
1209	288	0.0124572212127083	0.499146	28.198
120	107	0.0692082982072441	0.751784	66.688
1211	559	0.010730425740858	0.627014	25.531
1212	509	0.0497547703647873	0.804876	61.037
1213	411	0.0489336549206801	0.646189	89.802
1215	336	0.0674989835826419	0.793029	59.542
1216	86	0.0491177918606106	0.64607	46.098
1217	668	0.0438078486934006	0.565285	29.087
1218	1169	0.1089278614536297	0.521724	27.282
1219	899	0.0181815856554036	0.501677	31.726
121	378	0.0039500381965397	0.628378	43.312
1220	60	0.0968231888096699	0.728659	49.746
1221	719	0.002843196887064	0.809906	16.909
1222	261	0.0063306251001886	0.747888	56.297
1224	1006	0.0021246056156665	0.871295	55.102
1225	377	0.1342077284190657	0.568693	54.311
1226	1285	0.0150727580646413	0.602463	35.423
1228	422	0.0608461794743212	0.577367	26.203
1229	578	0.046363080220687	0.635886	86.335
122	458	0.0251649952353077	0.611523	44.684
1230	186	0.0650543165183424	0.496164	25.883
1232	735	0.0022158416787728	0.885032	53.539
1233	33	0.0156988217240535	0.462024	20.288
1234	330	0.0383031861441453	0.739771	80.245
1235	367	0.0314690352171108	0.838232	48.808
1236	328	0.0180946282904943	0.871878	64.835
1237	600	0.0078756433631565	0.845414	88.448
1238	919	0.0190391189852632	0.67949	59.074
123	1489	0.0231914569353502	0.50224	36.902
1240	1362	0.0055016452872514	0.490798	25.25
1241	51	0.0143068743119302	0.779944	24.318
1242	1040	0.1543731560259907	0.646862	33.176
1243	455	0.0356309476869305	0.640023	87.032
1244	948	0.0421246810634049	0.553468	56.23
1246	999	0.0038215536904826	0.776075	74.369
1247	1394	0.0116183771160554	0.706135	29.826
1248	1439	0.0185047415504782	0.505954	35.368
1249	282	0.0648937796461893	0.453932	28.287
1250	801	0.0798774756321015	0.493796	48.02
1251	301	0.0160882169318676	0.728105	41.726
1252	811	0.0491100752811274	0.715106	33.545
1253	723	0.0846424485980883	0.694607	26.936
1254	92	0.0372755179302085	0.791539	52.004
1255	1462	0.0336681867946066	0.474961	38.008
1256	900	0.0010319513056326	0.71766	64.658
1257	535	0.0649337463740017	0.6864	77.639
1258	742	0.0125014725622321	0.738243	78.539
1259	49	0.0299036400634995	0.559993	25.749
1260	647	0.0998844472985401	0.489299	5.235
1261	149	0.0608378006807273	0.628065	44.76
1262	1089	0.0119073363618326	0.746261	48.406
1263	1241	0.0117432824669878	0.806904	36.501
1264	755	0.0016324311428371	0.734256	69.319
1266	711	0.0542963790679675	0.502868	23.912
1267	1315	0.0668296594158299	0.56262	41.476
1268	269	0.0168399719382639	0.566512	13.902
1269	408	0.0916097212935129	0.48421	28.45
126	1101	0.0642842069944622	0.478097	19.407
1270	796	0.0291887551821217	0.832295	25.25
1271	423	0.010535593389414	0.720091	45.812
1272	74	0.00043613415447	0.869262	37.047
1273	472	0.0001016735147352	0.857274	49.212
1274	304	0.031311432855747	0.674416	24.727
1275	834	0.0327972729200367	0.596027	38.994
1277	1432	0.0973392719061993	0.50765	27.584
1278	1047	0.054804884406387	0.622758	89.448
1279	1470	0.0086339724592296	0.713385	43.722
127	780	0.1768255280608399	0.562579	51.034
1280	880	0.0336383153166853	0.730508	51.954
1281	617	0.0181612608963035	0.491956	19.094
1282	57	0.0436718888023639	0.661367	55.222
1285	1226	0.0439853265693887	0.602463	35.423
1286	1183	0.0405796527856953	0.810896	61.733
1287	155	0.2005627430626146	0.650613	48.107
1288	20	0.0429852489188427	0.532817	41.144
1289	1351	0.0493761530277031	0.707892	73.542
128	944	0.0011705634004169	0.643421	70.637
1290	833	0.0065834714399228	0.782167	26.419
1292	104	0.0187264154742181	0.609543	67.413
1293	1392	0.0650967768868789	0.533177	40.911
1294	403	0.0112575038640565	0.651449	14.166
1297	56	0.0072103726502656	0.829348	18.666
1298	317	0.0437172842709606	0.642561	11.987
1299	619	0.0062512642905663	0.528874	48.861
1300	1139	0.0255558330225043	0.607076	55.319
1303	472	0.0354975972804833	0.68159	38.03
1305	242	0.0252277987505745	0.550728	36.169
130	948	0.0266982134771634	0.590027	29.519
1310	914	0.0147766157541926	0.653924	70.985
1313	982	0.0034298413356612	0.538762	40.293
1315	1267	0.019160649872997	0.56262	41.476
1317	149	0.0141229403895785	0.542366	44.952
1318	1102	0.018135369570145	0.467627	11.923
131	1225	0.0541592205967296	0.897595	38.969
1320	916	0.0003000168912651	0.649826	52.415
1324	529	0.0214453577020304	0.407291	13.439
1326	735	0.0215324580389261	0.545797	41.631
1329	415	0.0041991799736798	0.756979	77.345
132	1230	0.0852159868402219	0.678044	73.657
1330	1206	0.0048820914424169	0.469812	32.914
1332	162	0.0081482593877798	0.565384	76.463
1333	117	0.0134741326540765	0.629259	64.63
1336	1136	0.0414380022088864	0.552032	63.797
133	844	0.060313350106857	0.626344	45.7
1340	1033	0.0127073200074179	0.537202	31.339
1341	586	0.0701691538418145	0.614341	69.286
1342	917	0.0243008236260369	0.551514	37.485
1344	925	0.0351529135855876	0.716995	86.335
1349	192	0.0046828468102609	0.776129	33.281
134	1280	0.0405141442914632	0.76745	8.521
1350	437	0.0124171683355591	0.625965	61.506
1351	1289	0.0380368506070699	0.707892	73.542
1352	597	0.0330715058126091	0.471722	11.43
1353	1452	0.0262172515242612	0.738396	56.015
1354	306	0.0111892451142441	0.640047	22.626
1356	329	0.0186511335005316	0.561983	35.926
135	11	0.0062508998642038	0.788983	80.872
1360	70	0.0147043576288526	0.539104	37.136
1362	1240	0.016360801424509	0.490798	25.25
1364	207	0.0880996845028354	0.516378	27.079
1365	809	0.0256595341873622	0.684005	53.856
1367	338	0.0561109187799542	0.656401	59.555
1368	919	0.0150614202512784	0.526298	42.962
1369	1095	0.0161757734574287	0.626066	31.549
136	124	0.0483386516512526	0.738282	35.137
1371	746	0.0155869693362024	0.550038	19.509
1373	521	0.1032530046748831	0.479386	18.226
1374	1024	0.0110571765838726	0.581318	74.109
1375	583	0.0489307167607788	0.663478	13.801
1376	370	0.0248795170335543	0.562557	24.917
1377	1194	0.0161380037942581	0.514768	8.539
1380	3	0.0153420178344771	0.563534	24.204
1381	208	0.029856355097903	0.568047	38.596
1383	318	0.0194533283381439	0.859485	42.768
1384	195	0.0485191971245902	0.641235	45.968
1385	217	0.0277140482832437	0.614038	18.043
1386	470	0.0308455413433224	0.474567	25.641
1388	144	0.0068060147971148	0.867712	63.286
1389	569	0.0630863487468968	0.486271	33.017
138	1298	0.0342303908386678	0.785303	55.078
1391	1042	0.012251291441904	0.583626	20.477
1392	1293	0.03598219582139	0.533177	40.911
1394	732	0.0201378003009923	0.631583	64.605
1397	752	0.0175848310977859	0.708868	70.281
139	1047	0.1270820353043825	0.52604	25.332
13	1074	0.1672932221973493	0.435394	24.394
1402	48	0.0368874672104974	0.442329	26.857
1404	1087	0.064500674682846	0.573962	66.876
1406	354	0.0248989020977482	0.444563	18.967
1407	854	0.0108999930411196	0.684316	16.905
1408	365	0.0222122641500798	0.530263	35.045
1409	170	0.0577575817629132	0.38995	10.236
140	1177	0.0142566073462613	0.74894	64.774
1410	302	0.0154500546191642	0.742625	42.593
1412	684	0.0043620927664145	0.544844	50.298
1413	656	0.0537801028356074	0.456272	11.732
1415	1186	0.0309887959580487	0.641044	14.706
1416	52	0.0029919723596256	0.524289	22.889
1418	398	0.0205819207071745	0.816065	7.243
1419	205	0.0512185870841222	0.458883	11.871
1420	938	0.0005870500583915	0.439896	36.875
1421	1323	0.1096129911990091	0.444936	27.793
1422	1257	0.0141378941816033	0.786606	55.238
1423	503	0.0925285993251736	0.762923	46.304
1424	749	0.0079956624702652	0.841973	75.092
1425	114	0.0777236198787141	0.632234	88.86
1426	1435	0.0699370201273648	0.729176	11.801
1427	1249	0.0709917886587689	0.551352	42.131
1428	494	0.2666507797968058	0.562432	41.019
142	1120	0.0178254889057271	0.535153	9.241
1430	654	0.0049629483165753	0.743132	54.731
1431	323	0.0070494780054132	0.672114	22.378
1432	1277	0.0648316697476633	0.50765	27.584
1433	165	0.0645424817796902	0.772813	48.964
1434	864	0.0141048464877929	0.75725	62.516
1435	964	0.0352322661432026	0.696238	83.008
1437	26	0.0262407615685785	0.4343	28.736
1438	782	0.0724525541638913	0.545117	28.832
1439	1248	0.0309387872206224	0.505954	35.368
143	376	0.0530184478290048	0.604839	38.083
1440	1027	0.0502517013815012	0.534067	30.431
1442	1013	0.0015448969730038	0.558577	14.466
1443	1196	0.0700730728297798	0.518686	27.131
1445	31	0.0045210997594382	0.594993	42.527
1446	181	0.0007143035415312	0.893333	61.877
1447	647	0.0377963663713745	0.71758	66.628
1448	987	0.117488605415342	0.477254	18.406
1449	1110	0.0073509487471318	0.658543	35.753
144	1388	0.0129384497341447	0.867712	63.286
1451	1203	0.028880026577569	0.845347	78.979
1452	432	0.0277976028932129	0.614523	19.365
1453	202	0.0333999869683698	0.593818	17.217
1454	175	0.0085920850535119	0.744858	74.333
1455	991	0.0154269274608119	0.742867	85.531
1456	621	0.0349159020150109	0.815559	80.914
1457	80	0.2284163826989649	0.403573	27.724
1459	888	0.0062760524568407	0.608566	39.008
145	1294	0.0369793468423613	0.710981	68.561
1460	1306	0.0041677831874222	0.802579	39.339
1462	1255	0.097911320540437	0.474961	38.008
1463	724	0.0036132853075661	0.581385	37.499
1466	729	0.0682797776649244	0.536972	19.845
1467	712	0.1021802422292034	0.573354	22.118
1468	92	0.12860965947369	0.438295	16.176
1469	1101	0.0061242305293637	0.566736	77.695
146	1491	0.0757921166050694	0.595521	40.221
1470	1279	0.0097094063163043	0.713385	43.722
1471	1355	0.0151297013761817	0.704053	45.105
1472	682	0.0124103756401247	0.79513	60.713
1473	361	0.0226079761854116	0.517864	25.865
1476	1337	0.0086101746522808	0.518115	21.725
1477	825	0.0155270387375858	0.510935	5.853
1478	858	0.0530899912489414	0.523709	20.779
1480	502	0.0003901289643578	0.587588	28.174
1481	191	0.0837297723070497	0.57235	68.525
1482	1328	0.0068901806189739	0.779835	51.85
1483	923	0.0074932568684113	0.57646	43.076
1485	248	0.0031563380314811	0.774302	9.048
1486	386	0.0320814674697195	0.561419	46.451
1487	1046	0.0093986036751082	0.72481	46.805
1488	843	0.152250383879835	0.499715	5.906
1489	123	0.0006113883441013	0.50224	36.902
1491	146	0.0255260715577791	0.595521	40.221
1493	1078	0.0410504607625302	0.562728	49.299
1494	1140	0.0364457388440535	0.798732	66.927
1495	676	0.0080571861212088	0.653066	83.457
1496	130	0.0335055125712522	0.850613	45.679
1497	59	0.0503642036317829	0.393591	8.58
1498	981	0.0457157675603469	0.476474	28.973
149	1317	0.0765378642615956	0.542366	44.952
1500	341	0.1407315338043457	0.458328	6.107
150	203	0.0246213810685776	0.605906	55.133
151	98	0.0673955690311279	0.478766	17.597
152	954	0.0538407605130416	0.761167	67.847
153	309	0.0607952419674793	0.655502	71.663
154	459	0.0859051777417937	0.650822	30.037
156	1367	0.0130680195256096	0.72224	63.802
158	532	0.1257675477490743	0.568484	44.819
159	928	0.0153224869265526	0.879708	49.281
15	1140	0.0402278844761267	0.602567	63.429
160	180	0.0128675342189448	0.701375	47.915
161	252	0.004262125774353	0.941131	48.647
162	1332	0.0129695188164272	0.565384	76.463
163	310	0.0207124727064553	0.579699	62.793
164	244	0.0154983390623438	0.71963	62.894
165	652	0.0256537473196529	0.726103	48.677
166	820	0.0349813766822924	0.617118	53.536
168	40	0.0153308280174508	0.656426	54.686
16	767	0.0870122684109134	0.570625	50.97
170	1409	0.0216131286700373	0.38995	10.236
171	33	0.0159871129105098	0.447568	21.985
172	814	0.091259221590773	0.570341	25.59
173	429	0.0552806651909267	0.595897	39.059
174	522	0.0290883685418639	0.675543	72.722
175	322	0.0893423310191619	0.634917	26.282
176	232	0.0274962063346045	0.770101	65.33
177	955	0.0071032517381974	0.732167	13.597
178	260	0.0347315617852057	0.6897	20.635
179	1375	0.0120292762756919	0.810555	48.012
17	448	0.0359718727740858	0.543449	38.88
180	657	0.0384758313673642	0.639318	84.367
181	1094	0.025172897150693	0.824001	21.738
182	810	0.0016770809347761	0.70096	17.659
183	928	0.023698913969796	0.859269	4.527
184	572	0.001157017570949	0.657197	50.996
185	240	0.0673295892322428	0.451139	32.912
186	1230	0.0198859851906562	0.496164	25.883
187	1017	0.0558027473869922	0.644621	34.465
188	1081	0.0172311970071736	0.43533	21.028
189	1477	0.0120667230305443	0.846454	61.591
190	453	0.0330277855088733	0.727957	29.265
191	1481	0.02495079966083	0.57235	68.525
193	990	0.0644371707422427	0.70934	48.032
196	678	0.0096369328867019	0.511813	27.736
199	1462	0.0881662369115753	0.883886	32.983
200	905	0.0090673625188655	0.808096	78.893
201	1066	0.023917110143164	0.51346	16.651
202	680	0.0046790842047341	0.524611	48.92
203	95	0.1918915006436003	0.529985	20.58
204	1075	0.0199612749720219	0.729185	73.598
205	1419	0.1321919057857225	0.458883	11.871
206	844	0.0221727787487046	0.485271	20.843
207	1364	0.0397313867831195	0.516378	27.079
208	1381	0.0165090384682745	0.568047	38.596
209	588	0.0191997332988565	0.798769	7.56
20	1288	0.0190843723784367	0.532817	41.144
210	979	0.0367098354669767	0.595298	35.135
211	196	0.0024926803990229	0.794061	14.069
213	140	0.0032511345139356	0.789925	82.841
214	1469	0.0150353104991686	0.686823	65.303
215	294	0.0078363640922527	0.478082	7.273
216	1115	0.0143897133310986	0.665108	25.922
217	1385	0.0061806418143099	0.614038	18.043
218	457	0.0765896821263321	0.601309	15.667
21	399	0.0111765182405292	0.6093	44.282
220	1179	0.0191126416258892	0.580863	29.555
221	1099	0.0548838117891805	0.462247	23.76
222	688	0.037629077053427	0.728913	57.164
223	1242	0.0088844969167875	0.657954	79.71
224	262	0.1363750577378391	0.609306	56.496
225	308	0.0490626193747621	0.487836	17.603
226	1031	0.0339853090291567	0.691537	49.858
227	462	0.1283317104164066	0.850153	25.531
228	38	0.0119125837313518	0.66177	44.547
229	1143	0.0156264856693746	0.499287	28.434
22	327	0.0524120418269849	0.626739	23.587
230	715	0.2993741197375434	0.579238	31.787
232	1173	0.0692527020174571	0.453394	20.325
233	990	0.0244415671433543	0.89021	2.982
234	235	0.0334521538850842	0.500911	33.98
235	234	0.0337828642457822	0.500911	33.98
237	100	0.0010632413354759	0.721912	24.674
238	960	0.0850761645150812	0.588491	13.351
239	1061	0.0055673801237211	0.456398	23.169
23	931	0.0352216202724985	0.731224	23.494
240	185	0.0645187641157664	0.451139	32.912
241	1146	0.0047697542551456	0.704951	76.915
242	1305	0.0607784664422392	0.550728	36.169
243	815	0.043520432857647	0.653501	15.032
245	1476	0.0057060781397435	0.896514	79.288
247	359	0.0146991708754242	0.695388	73.434
248	959	0.0345461504070755	0.560246	22.223
249	525	0.1199032202652029	0.536132	5.554
250	861	0.0201116887741613	0.565204	40.971
252	975	0.0419609903109558	0.690722	14.654
253	1032	0.0275608770297308	0.787772	67.944
255	994	0.0281142791389867	0.610626	73.939
256	687	0.0537241716127069	0.598626	63.152
257	665	0.1924047558728848	0.56286	56.648
259	717	0.0372596974429262	0.703883	30.776
25	770	0.0355430982186306	0.687314	21.586
260	178	0.0011885204576005	0.6897	20.635
262	335	0.0891199709685186	0.442992	21.556
263	124	0.2231172117484004	0.513106	17.689
265	696	0.1274647120919749	0.574143	13.78
266	316	0.2305217003682574	0.533272	48.454
268	1419	0.0162484680949164	0.594005	23.513
269	1268	0.0689327582641791	0.566512	13.902
26	1437	0.0432934849654475	0.4343	28.736
271	402	0.000988201137222	0.889329	55.161
272	914	0.0003940475826495	0.746795	37.749
273	1128	0.0810026273746649	0.664288	36.601
274	780	0.0211915606361567	0.544233	23.099
275	467	0.2541255592616339	0.417312	15.756
276	466	0.0450323678121466	0.562218	57.114
277	1219	0.1296768579312451	0.890747	24.489
27	796	0.0380641279745081	0.487441	11.123
280	543	0.0598547238171225	0.692591	64.944
282	1249	0.005603915057482	0.453932	28.287
284	221	0.0183642721841901	0.663173	80.05
285	1184	0.1060280005863745	0.679546	50.339
286	965	0.0760146834550338	0.5735	47.85
287	250	0.01937937033546	0.753728	15.3
288	1209	0.0393870486641912	0.499146	28.198
289	79	0.0412138038469074	0.681633	12.969
290	1125	0.0016123976721413	0.704112	65.11
291	154	0.0112802440877217	0.82038	87.923
293	1014	0.1437091094076014	0.442451	18.06
294	215	0.027195096408084	0.478082	7.273
297	430	0.0001526975414776	0.59012	22.486
298	1002	0.019765633930016	0.858002	53.893
299	322	0.0449345803468656	0.557612	43.803
29	1123	0.0702531950786745	0.467109	22.325
300	1018	0.0631987341801649	0.489627	36.15
301	1251	0.0095382440404832	0.728105	41.726
302	648	0.0180078005301955	0.569238	53.082
303	1341	0.0348587746255169	0.663463	53.397
304	1196	0.0654797165485569	0.582147	59.35
305	802	0.0037838852140808	0.754665	88.601
306	1354	0.0809893615180736	0.640047	22.626
307	887	0.0158280021619521	0.689148	52.467
308	225	0.0423702454396988	0.487836	17.603
309	1044	0.0849710849402535	0.486764	31.272
310	163	0.0012893809595296	0.579699	62.793
311	949	0.0423393416706929	0.506355	23.783
312	895	0.0001680883917066	0.74166	84.08
313	1263	0.0225898186251109	0.84164	64.959
314	1267	0.058765817491457	0.595068	29.332
315	1180	0.096867243078973	0.626745	18.445
316	266	0.0932859114500145	0.533272	48.454
317	1298	0.0479180842223539	0.642561	11.987
318	1383	0.0981574543545514	0.859485	42.768
31	1445	0.0023185654779465	0.594993	42.527
320	821	0.0165423546515523	0.891207	40.362
321	173	0.0047619637043425	0.776459	9.648
322	299	0.0559741394439989	0.557612	43.803
323	404	0.0051361792871189	0.520136	11.757
325	1180	0.0122831874882591	0.679201	20.977
326	537	0.0267035817310277	0.517264	25.523
327	22	0.0240547988275895	0.626739	23.587
329	1356	0.0760709476363574	0.561983	35.926
330	1234	0.0266312945612399	0.739771	80.245
333	529	0.0712057426281917	0.540524	15.743
334	104	0.035758328868	0.800085	19.817
335	262	0.0137029319117453	0.442992	21.556
336	903	0.0315782585078062	0.636884	14.49
337	955	0.0070159020381769	0.577024	39.506
338	1367	0.0130154965579697	0.656401	59.555
33	171	0.126686187526441	0.447568	21.985
340	1446	0.0198721282067253	0.929289	45.893
341	1500	0.0611188473987403	0.458328	6.107
342	1016	0.0271457430531146	0.884401	36.73
344	536	0.0149511191916068	0.669514	49.216
345	1477	0.007364461696645	0.893287	60.988
348	1422	0.0274751183139655	0.8318	86.767
34	1045	0.0374007142380617	0.736307	69.544
350	75	0.0456343568320533	0.671311	66.461
351	915	0.0234813442501962	0.495315	37.606
352	1110	0.1789895980673314	0.80324	39.15
353	265	0.0236937354101095	0.578109	26.604
354	1406	0.0359747551636144	0.444563	18.967
356	857	0.0993748635522226	0.547251	21.138
358	589	0.0052102158644492	0.594095	76.556
359	471	0.0083953678059729	0.523651	23.639
35	970	0.0020736663914048	0.626681	50.193
360	608	0.0682028603704074	0.632116	68.642
361	1473	0.0414520608068197	0.517864	25.865
362	768	2.9381662003523623e-05	0.54496	28.56
363	41	0.0098658545407517	0.469237	25.771
365	1408	0.0892864153649485	0.530263	35.045
367	1235	0.0128798344988819	0.838232	48.808
368	526	0.0119233447735631	0.890333	14.88
369	473	0.0324152248177487	0.692598	68.128
36	536	0.024012768537985	0.545312	49.25
370	1376	0.0158694304947971	0.562557	24.917
371	568	0.0311819101315509	0.683969	21.104
372	868	0.0454228385010133	0.621373	38.8
373	1250	0.0539184055102621	0.529573	28.729
374	930	0.0795753578858861	0.591604	36.304
375	1412	0.0035165082855332	0.854267	18.621
376	143	0.1191683185595658	0.604839	38.083
377	1225	0.0312873282613462	0.568693	54.311
378	121	0.0454720488937113	0.628378	43.312
379	542	0.091582553129279	0.448468	29.865
380	730	0.0783996560730608	0.708062	41.362
381	1185	0.0732431497973192	0.720488	28.202
382	220	0.0015568344888369	0.669906	57.611
383	925	0.0103703756558	0.588033	55.569
384	1065	0.1503731029071056	0.539428	29.008
386	1486	0.0294502592513005	0.561419	46.451
387	217	0.0209740403770921	0.787942	72.134
389	1288	0.0222163858210032	0.640412	1.496
38	228	0.1244479877419305	0.66177	44.547
390	1150	0.0928908886724615	0.503538	34.846
391	56	0.0008669964529608	0.852479	89.148
393	742	0.0570226430138149	0.713089	36.953
394	1115	0.0107999680952804	0.538034	17.253
395	1392	0.0142416525920092	0.679713	54.054
396	499	0.018189761931622	0.524463	16.222
398	768	0.0282754239895445	0.470923	25.889
399	811	0.040980294550067	0.572842	33.304
39	1448	0.0033682597169001	0.808718	46.997
3	1380	0.0049875735420251	0.563534	24.204
400	581	0.0009567468086238	0.518959	20.024
401	967	0.0674131088379488	0.60104	19.312
402	1142	0.0206542705088266	0.493199	28.938
403	1294	0.0258770305502631	0.651449	14.166
404	323	0.0169177146855925	0.520136	11.757
405	460	0.0978304678307978	0.479749	46.639
406	1049	0.1081486399996265	0.640516	28.252
408	1269	0.2093950245433532	0.48421	28.45
409	944	0.0221308180181586	0.711253	51.472
411	1213	0.0205742852631806	0.646189	89.802
412	540	0.0298890222588377	0.481948	23.582
413	91	0.0074043853899266	0.756272	88.91
414	376	0.0745312399439214	0.682173	49.58
415	1329	0.0222145754109717	0.756979	77.345
418	592	0.0017925083748339	0.631178	39.452
419	855	0.0640545717217998	0.511005	7.95
41	363	0.0911798997289087	0.469237	25.771
421	1105	0.0404523826885747	0.614529	37.728
422	1228	0.0393646822345378	0.577367	26.203
423	1271	0.007682736725772	0.720091	45.812
424	1462	0.0430562835593574	0.602287	46.855
425	681	0.1136286662195536	0.424388	25.945
426	400	0.1026321616818232	0.681474	36.304
427	592	0.1004893610271992	0.527712	29.158
429	1268	0.0109106100990757	0.580088	53.051
42	978	0.0092124272819108	0.72764	51.73
430	297	0.0121671338493189	0.59012	22.486
431	1019	0.1224932981605384	0.523195	41.383
432	1452	0.0203176321966168	0.614523	19.365
433	1264	0.1201302267665085	0.751049	66.002
434	1069	0.0285644919354972	0.779719	85.138
436	1163	0.0976640382456857	0.615621	53.127
437	1350	0.0522053841767145	0.625965	61.506
438	1384	0.022105060903381	0.849723	79.432
439	931	0.0712459373142546	0.455084	18.546
43	457	0.0125076709724312	0.893228	26.501
440	1344	0.0319198204630719	0.773632	70.731
441	870	0.0861096374123627	0.562318	31.606
442	520	0.0159884536808299	0.570154	32.027
443	621	0.0143685727877364	0.676742	67.793
444	1378	0.0144212959638104	0.626448	41.053
446	816	0.0063682128387189	0.784867	29.611
447	692	0.0802809227246754	0.486667	35.467
448	17	0.0351171053309698	0.543449	38.88
449	1151	0.1776621861336438	0.445066	22.58
44	685	0.1549033815624613	0.630551	39.836
450	1061	0.0393864079324469	0.734359	49.298
451	1127	0.0448943280152036	0.8163	35.195
452	501	0.0843372451342753	0.611841	11.167
453	190	0.0360159333839594	0.727957	29.265
454	1329	0.0096238908131645	0.775993	24.635
455	1243	0.0281970776914954	0.640023	87.032
456	1053	0.1696183036901448	0.537364	21.84
457	218	0.0522710810789759	0.601309	15.667
458	122	0.0172442779542514	0.611523	44.684
45	1190	0.0035280454238154	0.70424	62.835
460	405	0.008253624007425	0.479749	46.639
461	1449	0.0123484769612117	0.735604	53.319
462	227	0.009412337704294	0.850153	25.531
464	672	0.1536261121985986	0.744734	26.417
465	716	0.0439902915375036	0.591364	80.18
466	276	0.0479744757595151	0.562218	57.114
467	275	0.0119967448959259	0.417312	15.756
469	1189	0.0251097324370915	0.809711	61.587
470	1386	0.0069673962476549	0.474567	25.641
471	359	0.082900360522933	0.523651	23.639
472	1303	0.0035810519021844	0.68159	38.03
473	830	0.017806226676487	0.572104	41.69
475	613	0.0009824533826089	0.58253	33.187
477	1285	0.0012034880038675	0.795057	75.912
479	1189	0.0313752808435905	0.671509	41.083
47	1068	0.006022154050987	0.513416	21.353
480	1065	0.0552135821332318	0.526092	21.283
481	294	0.0065847599631585	0.597423	40.951
482	73	8.291807828726534e-05	0.84216	39.176
483	1437	0.1210927221896014	0.468106	22.369
484	1488	0.0019389539895755	0.73359	86.763
485	703	0.0097543414582412	0.816444	30.711
486	684	0.006870331039831	0.564039	23.171
487	106	0.2328937320743024	0.485915	30.193
489	383	0.0369659339582709	0.595899	20.563
48	1402	0.1286616687899596	0.442329	26.857
490	808	0.1391107316755344	0.414976	25.402
491	1100	0.0717087419564683	0.589403	65.358
492	691	0.0798813904277921	0.650423	38.659
494	1428	0.0718518857362325	0.562432	41.019
495	1168	0.0594475449320943	0.765369	59.96
496	795	0.0206959465214184	0.5454	23.78
497	1055	0.0030845134728295	0.714971	38.098
498	94	0.0490356404429045	0.588433	25.372
499	396	0.0346766824928688	0.524463	16.222
49	1259	0.0780938081100162	0.559993	25.749
501	452	0.0023815732101719	0.611841	11.167
502	666	0.0602872317978034	0.484321	17.586
503	1423	0.0151361367592122	0.762923	46.304
504	1156	0.0220358028634175	0.44843	22.445
505	1433	0.0077706262477773	0.804193	83.622
508	692	0.0203829954188131	0.812612	58.89
509	547	0.0420477758656191	0.558973	15.601
510	1420	0.0262904320661411	0.67617	43.7
511	816	0.0082840422842671	0.538074	16.798
513	897	0.0018272937306416	0.467507	37.745
514	908	0.0212983602630256	0.618478	70.965
517	7	0.0172954239931867	0.824943	54.684
518	1349	0.0142805038682664	0.818667	39.197
519	569	0.0030326682006845	0.785604	19.503
520	442	0.0575125022163274	0.570154	32.027
521	1373	0.1703489498065835	0.479386	18.226
522	174	0.0229520922032322	0.675543	72.722
523	406	0.0016801722200752	0.835124	18.762
524	926	0.00189712075287	0.635768	10.694
525	249	0.0552452220720737	0.536132	5.554
526	1075	0.1610212902113904	0.594509	59.643
528	1329	0.0003216923387512	0.808001	82.51
529	1324	0.0864498012249554	0.407291	13.439
52	1416	0.0454314750050938	0.524289	22.889
530	1482	0.0124626693536963	0.827551	73.984
531	129	0.0197651816272438	0.890383	72.474
532	158	0.084575415720052	0.568484	44.819
533	1063	0.0167288283903864	0.728242	29.23
534	550	0.0254945556922959	0.746264	47.643
536	36	0.0291254213146018	0.545312	49.25
538	946	0.1058725602723795	0.469456	1.559
539	947	0.1177797450101417	0.675506	72.405
53	1498	0.0202631040447061	0.72978	55.167
540	412	0.1609278261122357	0.481948	23.582
542	379	0.1266265268475698	0.448468	29.865
543	280	0.0096882161224672	0.692591	64.944
544	730	0.0093366696803279	0.903436	65.0
545	793	0.0135794414889862	0.704438	88.938
547	509	0.0446136239912061	0.558973	15.601
549	65	0.0556308639274554	0.716024	55.057
54	986	0.1379420141351957	0.610296	57.311
550	534	0.0158363382331948	0.746264	47.643
551	1385	0.0312829077503705	0.631056	52.926
552	736	0.070990832031492	0.568619	13.099
553	769	0.0746431012062216	0.51614	33.531
554	676	0.0017125696041549	0.653822	56.496
555	926	0.0064083269995109	0.782236	63.798
556	1260	0.0152425491526475	0.883959	18.013
557	785	0.0144300424706728	0.682355	15.651
558	748	0.0420232517733941	0.513025	25.459
559	795	0.0327030093322146	0.56082	20.812
55	979	0.0049595773005961	0.578055	44.83
560	225	0.0144985867342678	0.652599	43.864
562	230	0.0053754089601543	0.677689	41.84
564	449	0.018901935020524	0.655885	59.412
566	1085	0.0395785869909749	0.623467	69.605
569	1389	0.0644094437067346	0.486271	33.017
570	745	0.1139335496820174	0.510887	22.546
571	820	0.0737707012093889	0.557757	54.791
572	184	0.0013574159438425	0.657197	50.996
573	728	0.0380042073827534	0.68898	21.991
574	743	0.0732580519178415	0.673487	6.788
576	1011	0.0609941396976673	0.611834	34.581
577	1119	0.0031258104599385	0.847065	27.291
578	1229	0.0565434255671232	0.635886	86.335
579	853	0.0131487189225141	0.68574	38.294
57	1282	0.06170304973783	0.661367	55.222
581	400	0.0010861874384849	0.518959	20.024
582	1050	0.0064106931448389	0.610368	32.483
583	1375	0.0081367175441261	0.663478	13.801
586	1341	0.0428101213369674	0.614341	69.286
587	1153	0.0261087853901297	0.496928	4.443
588	1481	0.066747499789524	0.628048	23.248
589	358	0.0212332944918429	0.594095	76.556
58	1218	0.0359953986933246	0.682683	48.377
590	734	0.059995984217424	0.539311	45.686
591	178	0.0155818410161017	0.710016	38.248
592	427	0.0951299394662987	0.527712	29.158
593	1147	0.0105792358980085	0.629645	37.432
594	196	0.0101915559590862	0.661136	48.252
597	1352	0.0458465019952792	0.471722	11.43
598	1124	0.0125808948747181	0.683226	69.675
599	186	0.072347855286184	0.627163	42.84
59	1497	0.0746143212335112	0.393591	8.58
601	205	0.0122655384284231	0.839711	71.308
602	700	0.0520497026278055	0.704021	3.429
603	876	0.0146044697846258	0.705273	9.827
604	1486	0.0340364588620866	0.669263	29.858
606	369	0.0352686503759235	0.765599	46.765
607	1151	0.0154889476954632	0.730977	53.377
609	656	0.0149446565933646	0.746921	84.458
60	1220	0.0013804712601557	0.728659	49.746
610	1487	0.0582728164949391	0.779137	52.803
612	1107	0.0062451469235095	0.663191	19.207
613	475	0.0098405834573577	0.58253	33.187
615	85	0.0967902210279755	0.505395	16.067
616	973	0.0110162022052362	0.795913	76.418
617	1281	0.0377225156481335	0.491956	19.094
618	72	0.0833868181730177	0.490562	7.291
619	1299	0.1775546387471226	0.528874	48.861
61	1256	0.0220414221665993	0.868777	47.227
620	744	0.0035975680258857	0.847494	14.992
621	443	0.0107563599810667	0.676742	67.793
622	281	0.0803266581517076	0.774864	50.947
623	10	0.0526018549394332	0.434776	13.013
624	1144	0.052939926194231	0.751002	70.675
625	673	0.00409817441609	0.737299	12.867
626	779	0.0280255836433363	0.620601	37.694
627	132	0.0555684491153223	0.747312	34.662
628	657	0.0194361092554438	0.569586	49.871
629	1431	0.0683961922457374	0.67682	59.94
62	14	0.0075913991594621	0.721407	23.817
630	504	0.0213345099254564	0.632344	81.016
632	543	0.0270103727656212	0.851453	7.927
633	1153	0.0048472422251646	0.63344	46.423
634	905	0.004181638039145	0.72561	18.481
635	976	0.0777862491193581	0.813558	73.365
638	925	0.0293970625269526	0.789589	85.393
63	1152	0.0906687650652155	0.66844	46.701
640	197	0.0349370458161771	0.659095	41.976
641	1034	0.0293599565007791	0.879834	49.959
642	983	0.0532457051881717	0.598778	65.758
643	1310	0.0251660490482477	0.660224	28.224
646	1447	0.0210309507774433	0.809417	57.718
647	1260	0.1028295418994853	0.489299	5.235
648	302	0.0441479055667218	0.569238	53.082
649	1336	0.1050766039873401	0.725868	38.604
64	37	0.0044917761876608	0.765776	36.124
650	649	0.0593993547927615	0.727998	42.896
651	945	0.0902568429021319	0.496293	18.621
652	241	0.0157330684707921	0.726054	4.495
653	1023	0.0234775269419185	0.564732	25.427
654	1430	0.0104106596507223	0.743132	54.731
655	978	0.0067513071720107	0.744472	39.879
656	1413	0.0322538528845118	0.456272	11.732
657	628	0.0486370573156584	0.569586	49.871
658	779	0.0262050094857663	0.570895	67.486
659	807	0.0238911397964271	0.601746	17.394
65	549	0.1081800560925195	0.716024	55.057
660	274	0.0053550902106965	0.606742	24.285
661	662	0.0419612684830183	0.580971	62.931
663	841	0.0624679449178637	0.757255	70.619
664	116	0.0013156566455784	0.757103	11.73
665	257	0.0041977713928722	0.56286	56.648
666	502	0.0064797215313203	0.484321	17.586
667	158	0.0138261155498697	0.6457	67.673
668	1217	0.0121672326819779	0.565285	29.087
669	1145	0.0882592682224045	0.473734	35.005
66	68	0.0101258914295858	0.791072	63.576
671	22	0.0182214986553597	0.628406	58.448
672	464	0.0013584684862538	0.744734	26.417
673	716	0.0397191556962516	0.621639	36.558
674	957	0.0998954459742872	0.689128	46.464
675	1426	0.0277788279076406	0.78734	57.469
677	1081	0.0062248633143671	0.683969	64.236
678	196	0.0368556742430624	0.511813	27.736
679	1135	0.0161413475078941	0.751905	41.062
67	644	0.0237238010340184	0.705461	29.259
680	202	0.1229751632435044	0.524611	48.92
681	425	0.0918478659884631	0.424388	25.945
682	1472	0.0435502314798015	0.79513	60.713
683	639	0.0005240707672097	0.856069	77.269
684	1412	0.0087844081123372	0.544844	50.298
685	44	0.119967857407676	0.630551	39.836
686	276	0.0225472090462683	0.698384	63.643
687	256	0.0167172567564214	0.598626	63.152
688	222	0.0165822926879045	0.728913	57.164
689	945	0.0634608371776623	0.480399	3.814
68	66	0.0237473362897577	0.791072	63.576
690	1297	0.0296855261343297	0.848869	24.061
691	492	0.0253602673044128	0.650423	38.659
692	447	0.0804517748954403	0.486667	35.467
694	783	0.0385645259700227	0.842585	74.538
695	890	0.0342943393358811	0.847482	17.548
696	265	0.1710175181485788	0.574143	13.78
698	721	0.0974056423377989	0.465585	30.319
699	1153	0.0086516112023379	0.697892	36.771
6	116	0.0116787662079084	0.847982	45.756
700	1135	0.0236245451939421	0.587578	34.351
701	906	0.0275822790398126	0.426098	16.565
703	1353	0.0189002528584863	0.768217	1.072
707	721	0.0459633913163565	0.774189	26.147
708	89	0.0093858448514052	0.860386	78.643
709	1073	0.0222199606986686	0.421759	26.475
70	1360	0.0234510893564723	0.539104	37.136
710	995	0.0313025867442296	0.703109	45.614
711	1266	0.013589076623577	0.502868	23.912
712	1178	0.1279315449940285	0.484809	24.046
715	230	0.060934452862729	0.579238	31.787
716	465	0.0170768546554023	0.591364	80.18
717	259	0.0186110861897599	0.703883	30.776
719	1221	0.0275075272408425	0.809906	16.909
71	1067	0.0690063085460727	0.677917	45.964
721	698	0.032687422749141	0.465585	30.319
722	940	0.0054752673644389	0.625554	24.842
723	1253	0.0004250407450275	0.694607	26.936
724	1463	0.0067681642700336	0.581385	37.499
725	1416	0.0290371393301103	0.708427	14.281
726	187	0.0027530838320134	0.794646	14.538
727	1467	0.0033140453570526	0.632197	31.968
728	762	0.0370369966261859	0.58726	39.605
729	1466	0.0141209726968852	0.536972	19.845
72	618	0.1148628378376793	0.490562	7.291
730	380	0.0124431243740262	0.708062	41.362
731	317	0.0248505691263121	0.793167	58.4
732	1394	0.0049009609310912	0.631583	64.605
734	590	0.1724998289514375	0.539311	45.686
735	1326	0.0022026559221844	0.545797	41.631
736	552	0.2037952370265347	0.568619	13.099
737	382	0.0201783257479783	0.846528	78.16
738	867	0.0365054172252077	0.711602	61.639
739	496	0.0024490070230833	0.790343	66.561
740	354	0.0769138796367725	0.503093	12.422
741	113	0.0070442037437639	0.862592	56.761
742	393	0.0268386024779944	0.713089	36.953
743	574	0.0173482413063971	0.673487	6.788
744	1058	0.0279712817237453	0.766662	30.419
745	570	0.1190062822555902	0.510887	22.546
746	1371	0.0365195068193386	0.550038	19.509
747	192	0.0380258182784957	0.810387	65.251
748	558	0.1078245952165636	0.513025	25.459
749	1094	0.0292013626122832	0.461948	11.538
74	392	0.0901898846359233	0.576892	29.273
750	1097	0.0640803790212927	0.593884	49.7
751	584	0.015255486041318	0.516536	31.968
752	1397	0.0324928649125998	0.708868	70.281
753	1052	0.0254117922972867	0.55699	16.227
754	856	0.1315637849870767	0.488494	25.552
755	494	0.0044861502544692	0.698234	64.941
756	1373	0.003282335177246	0.52943	42.179
757	914	0.0398792229651033	0.741032	73.674
758	1002	0.0221640694086879	0.703628	44.672
759	8	0.0121424921248464	0.877195	71.215
75	350	0.044918175367068	0.671311	66.461
760	70	0.0003076823044329	0.830887	45.983
761	294	0.0693044990093213	0.733356	89.901
762	728	0.0703401043247174	0.58726	39.605
763	419	0.0093713634364406	0.588818	70.944
766	464	0.0106643700489387	0.767834	83.254
767	16	0.0620686127058412	0.570625	50.97
768	398	0.0717989020791382	0.470923	25.889
769	553	0.007755117552328	0.51614	33.531
770	25	0.0220980434918479	0.687314	21.586
771	1425	0.0154040238522286	0.653431	67.365
772	583	0.1168568864300186	0.693788	37.451
773	109	0.0619773446811998	0.608924	59.944
775	910	0.0094366484131804	0.825398	24.325
776	267	0.0811888752116161	0.719955	34.794
777	315	0.0294328459091984	0.725404	25.006
779	658	0.0102992629513276	0.570895	67.486
77	724	0.0001565208246691	0.696241	42.948
780	274	0.0599533686574485	0.544233	23.099
781	590	0.0409136025365998	0.592155	38.209
782	1438	0.0293097583430026	0.545117	28.832
783	694	0.0164661182113772	0.842585	74.538
784	324	0.0277195335518093	0.801351	74.255
786	1036	0.009407077254806	0.720341	35.931
790	55	0.0504743478655862	0.635645	40.221
791	99	0.0518741735013164	0.616496	4.287
792	836	0.0036408030590747	0.789602	37.307
793	669	0.0260577115370878	0.614484	68.357
794	1285	0.018723939943465	0.714322	63.482
795	496	0.0012447066750652	0.5454	23.78
796	27	0.1422842119953763	0.487441	11.123
798	1082	0.0064569715163668	0.772087	81.68
79	1177	0.0262617157740854	0.564276	35.35
7	70	0.0088295280618374	0.657469	51.608
800	299	0.0399665097172821	0.755466	45.302
801	1250	0.0600329397277253	0.493796	48.02
802	305	0.0039467052059459	0.754665	88.601
804	581	0.0080362270935469	0.87518	87.487
806	842	0.0005616226023102	0.665737	59.467
807	659	0.0636064020550024	0.601746	17.394
808	490	0.2125318243551788	0.414976	25.402
809	1365	0.0009436940027356	0.684005	53.856
80	1457	0.0389415225208997	0.403573	27.724
810	182	0.0222012331581343	0.70096	17.659
811	399	0.0085809580276441	0.572842	33.304
812	1369	0.0122522861385944	0.636567	39.085
814	172	0.0149174874416418	0.570341	25.59
815	243	0.1221747533086738	0.653501	15.032
816	511	0.039627993238736	0.538074	16.798
818	659	0.0996631304971865	0.641368	4.286
819	1412	0.1159837380816061	0.69332	52.55
820	571	0.0387221166356813	0.557757	54.791
822	335	0.0473231234465799	0.608786	37.473
823	82	0.0476442024303014	0.579638	27.348
825	1477	0.0524466817397072	0.510935	5.853
827	1195	0.0245923806084221	0.788583	23.024
828	1015	0.0036952311535661	0.687131	71.593
829	1404	0.0682052514678034	0.589768	42.064
82	823	0.0768928342641792	0.579638	27.348
830	473	0.0285873435385225	0.572104	41.69
833	1290	0.0180044481135852	0.782167	26.419
834	1275	0.028607670666459	0.596027	38.994
835	1209	0.0372746032361571	0.664427	41.298
836	792	0.004590228303912	0.789602	37.307
83	1183	0.0501669107792581	0.724547	20.746
841	239	0.0100516274352231	0.624942	63.434
842	242	0.004658158175503	0.603978	40.54
843	1488	0.1953407417141495	0.499715	5.906
844	206	0.0921634479342008	0.485271	20.843
845	38	0.0055666317108105	0.881807	77.155
846	967	0.0235542977033044	0.594307	17.976
849	13	0.0543884814875105	0.777032	47.153
84	111	0.0180975246095565	0.593597	43.325
850	704	2.3240644023394047e-05	0.795738	32.911
851	223	0.0057170922376195	0.832379	51.782
852	1076	0.1732718060741508	0.453333	20.222
853	579	0.0672614718297782	0.68574	38.294
854	1407	0.0138618556651405	0.684316	16.905
855	1104	0.0892999167262652	0.496404	22.911
856	754	0.021013612429787	0.488494	25.552
857	356	0.0606483426373264	0.547251	21.138
858	1478	0.3572873402374456	0.523709	20.779
859	1090	0.0406669178852819	0.549376	64.673
85	615	0.028067363142186	0.505395	16.067
861	250	0.045038121804725	0.565204	40.971
862	1264	0.0193549468353648	0.8483	19.026
864	1434	0.0068032902757025	0.75725	62.516
865	564	0.0395486744737485	0.802996	59.87
866	1267	0.0064100332754851	0.718588	49.617
867	738	0.0116035261570024	0.711602	61.639
868	372	0.0600420270385934	0.621373	38.8
869	1386	0.0081385973020045	0.60323	45.749
86	1216	0.0059030678554046	0.64607	46.098
870	441	0.1104947230059548	0.562318	31.606
871	23	0.0048745219958672	0.782144	22.994
872	855	0.0011489142762837	0.817519	75.628
873	1159	0.0753954630637965	0.467876	23.352
875	676	0.0084519900717548	0.676367	55.668
876	603	0.0678712050075493	0.705273	9.827
877	855	0.0051289370141138	0.714333	38.615
878	1031	0.0201328952372889	0.434064	8.141
881	1184	0.0028523443536267	0.639074	40.422
883	673	0.0487949382558425	0.657444	55.644
885	578	0.0592729129040119	0.641497	46.706
886	1309	0.0829034687768262	0.790964	72.174
887	307	0.0580851661752499	0.689148	52.467
888	1459	0.0644951494744935	0.608566	39.008
88	8	0.0412963587905522	0.606848	51.355
890	695	0.0443702620163111	0.847482	17.548
891	21	0.0278213519434575	0.744311	36.833
893	1071	0.0270993745588751	0.786778	64.253
895	224	0.0072425708312006	0.739048	40.964
896	40	0.0134497602577015	0.621805	41.631
897	513	0.1035672536231687	0.467507	37.745
898	696	0.0797248449886955	0.656231	70.242
899	1219	0.0957345530303029	0.501677	31.726
89	954	0.0105532995198383	0.603068	41.608
8	88	0.0417227391741958	0.606848	51.355
900	1256	0.0093694407557512	0.71766	64.658
901	324	0.0425512108518308	0.79605	77.615
903	336	0.0631521060857973	0.636884	14.49
905	634	0.0109809031131163	0.72561	18.481
906	701	0.1521723475414026	0.426098	16.565
907	1439	0.0165907450418287	0.660675	60.208
908	514	0.0204551876709079	0.618478	70.965
909	935	0.0082536106111959	0.894719	9.105
90	1243	0.0066435440946646	0.679388	77.959
910	372	0.0047976361943485	0.700065	29.993
911	1500	5.185408035469029e-05	0.781496	6.967
913	1415	0.0179027307882615	0.679504	51.176
914	1310	0.0002008076032149	0.653924	70.985
915	351	0.0265730530850401	0.495315	37.606
916	1320	0.0089662516950603	0.649826	52.415
917	1342	0.0501193536319505	0.551514	37.485
918	535	0.0148053153061356	0.684892	64.798
919	1368	0.0493000827646846	0.526298	42.962
91	413	0.0459779729904663	0.756272	88.91
920	971	0.0129740667499973	0.633584	12.177
921	124	0.0393960685149053	0.542136	15.653
922	736	0.0024725246889857	0.682623	70.858
923	1483	0.0336222863170274	0.57646	43.076
924	946	0.1108437117736219	0.784245	70.783
925	383	0.1494728565428084	0.588033	55.569
926	524	0.0185957770616203	0.635768	10.694
927	75	0.0073945289759285	0.853891	31.752
928	1445	0.0081475397389722	0.791125	89.449
929	47	0.0122233726683044	0.773992	82.846
92	1468	0.0239809443241201	0.438295	16.176
930	374	0.0119327417215	0.591604	36.304
931	439	0.0650705758761675	0.455084	18.546
935	1078	0.0197148653061622	0.696368	31.051
936	1105	0.0075419630120555	0.815036	47.226
938	1420	0.0244313874233792	0.439896	36.875
939	1197	0.0310792626939943	0.631358	28.727
93	230	0.0207471579232522	0.760769	26.462
940	1113	0.0106563592072055	0.596477	6.56
941	1161	0.0655226347822761	0.717887	47.573
942	1356	0.0342546841336081	0.681823	44.72
944	128	0.0107119278335048	0.643421	70.637
945	689	0.0133523895417583	0.480399	3.814
946	538	0.0470501584630719	0.469456	1.559
947	762	0.135177698064055	0.609964	59.202
948	1244	0.0875725330407248	0.553468	56.23
949	311	0.0185426103752656	0.506355	23.783
94	498	0.0121152937565077	0.588433	25.372
950	948	0.1006917764780847	0.634625	23.816
951	636	0.1273166146525257	0.550802	21.592
953	537	0.0040408944231748	0.514943	34.328
954	538	0.07392411055369	0.549374	43.011
955	337	0.0309233189853845	0.577024	39.506
956	1256	0.0446163535283709	0.881386	26.412
957	674	0.198909542691661	0.689128	46.464
959	248	0.0682842754365913	0.560246	22.223
95	203	0.0212448507817321	0.529985	20.58
960	238	0.0163736535688657	0.588491	13.351
964	249	0.0082571697426891	0.651595	43.834
965	286	0.0865083182021355	0.5735	47.85
966	953	0.038093785474672	0.621098	38.48
967	846	0.0132714369799022	0.594307	17.976
968	1007	0.0098101860326224	0.641103	22.667
96	1303	0.0318889583067419	0.757363	76.645
970	1200	0.0412112725047093	0.467502	15.924
971	920	0.0250076002976313	0.633584	12.177
972	285	0.0278801445286505	0.828699	48.359
973	390	0.0017823464581066	0.598772	30.57
975	252	0.0519112706624584	0.690722	14.654
978	42	0.035661880773768	0.72764	51.73
979	55	0.0116744549537349	0.578055	44.83
980	1491	0.023705610747689	0.659363	69.853
981	1498	0.0464192945497123	0.476474	28.973
982	1313	0.009814032395993	0.538762	40.293
983	642	0.0684490059158452	0.598778	65.758
985	349	0.0312250346080328	0.471104	27.486
986	54	0.0581705422977552	0.610296	57.311
987	698	0.0738445329179453	0.466881	17.059
988	193	0.0068777100915943	0.735735	62.549
989	12	0.0601707178460442	0.68856	14.495
98	151	0.0411099856995799	0.478766	17.597
990	193	0.0454078460062672	0.70934	48.032
991	377	0.0187780919098207	0.687104	88.429
992	1130	0.0787893306816299	0.556881	35.49
994	255	0.0079813360920416	0.610626	73.939
995	710	0.0916546641215776	0.703109	45.614
996	1313	0.0633148803830257	0.59008	37.019
998	195	0.0375769300160196	0.797371	67.545
999	1083	0.0047921320725694	0.756644	49.23
99	791	0.1203480267345873	0.616496	4.287
9	1332	0.0354981416709866	0.595113	82.967
